service_id,monday,tuesday,wednesday,thursday,friday,saturday,sunday,start_date,end_date
E10@1,1,1,1,1,1,0,0,20230313,20230613
T1@1,1,1,1,1,1,0,0,20230313,20230613
E10@2,0,0,0,0,0,1,0,20230313,20230613
T1@2,0,0,0,0,0,1,0,20230313,20230613
E10@3,0,0,0,0,0,0,1,20230313,20230613
T1@3,0,0,0,0,0,0,1,20230313,20230613
E10@5,0,0,0,0,0,0,0,20230313,20230613
T1@5,0,0,0,0,0,0,0,20230313,20230613
E101@1,1,1,1,1,1,0,0,20230313,20230613
T1D@1,1,1,1,1,1,0,0,20230313,20230613
T11@1,1,1,1,1,1,0,0,20230313,20230613
T11@2,0,0,0,0,0,1,0,20230313,20230613
T11@3,0,0,0,0,0,0,1,20230313,20230613
T11@5,0,0,0,0,0,0,0,20230313,20230613
T111@1,1,1,1,1,1,0,0,20230313,20230613
T2@1,1,1,1,1,1,0,0,20230313,20230613
T2@2,0,0,0,0,0,1,0,20230313,20230613
T2@5,0,0,0,0,0,0,0,20230313,20230613
T22@3,0,0,0,0,0,0,1,20230313,20230613
T22@5,0,0,0,0,0,0,0,20230313,20230613
T2A2@3,0,0,0,0,0,0,1,20230313,20230613
T2A2@5,0,0,0,0,0,0,0,20230313,20230613
T2A@1,1,1,1,1,1,0,0,20230313,20230613
T2A@2,0,0,0,0,0,1,0,20230313,20230613
T2A@5,0,0,0,0,0,0,0,20230313,20230613
T2A1@1,1,1,1,1,1,0,0,20230313,20230613
10.3@1,1,1,1,1,1,0,0,20230313,20230613
10.3@2,0,0,0,0,0,1,0,20230313,20230613
T3@1,1,1,1,1,1,0,0,20230313,20230613
T3@2,0,0,0,0,0,1,0,20230313,20230613
T3@3,0,0,0,0,0,0,1,20230313,20230613
T3@5,0,0,0,0,0,0,0,20230313,20230613
10.4@1,1,1,1,1,1,0,0,20230313,20230613
10.4@2,0,0,0,0,0,1,0,20230313,20230613
10.4@3,0,0,0,0,0,0,1,20230313,20230613
10.4@5,0,0,0,0,0,0,0,20230313,20230613
T4@1,1,1,1,1,1,0,0,20230313,20230613
T4@2,0,0,0,0,0,1,0,20230313,20230613
T4@3,0,0,0,0,0,0,1,20230313,20230613
T4@5,0,0,0,0,0,0,0,20230313,20230613
T5@1,1,1,1,1,1,0,0,20230313,20230613
T51@2,0,0,0,0,0,1,0,20230313,20230613
T51@5,0,0,0,0,0,0,0,20230313,20230613
10.52@1,1,1,1,1,1,0,0,20230313,20230613
T52@1,1,1,1,1,1,0,0,20230313,20230613
10.52@2,0,0,0,0,0,1,0,20230313,20230613
T52@2,0,0,0,0,0,1,0,20230313,20230613
10.52@3,0,0,0,0,0,0,1,20230313,20230613
T52@3,0,0,0,0,0,0,1,20230313,20230613
10.52@5,0,0,0,0,0,0,0,20230313,20230613
T52@5,0,0,0,0,0,0,0,20230313,20230613
10.6@1,1,1,1,1,1,0,0,20230313,20230613
T6@1,1,1,1,1,1,0,0,20230313,20230613
10.6@2,0,0,0,0,0,1,0,20230313,20230613
T6@2,0,0,0,0,0,1,0,20230313,20230613
10.6@3,0,0,0,0,0,0,1,20230313,20230613
T6@3,0,0,0,0,0,0,1,20230313,20230613
10.6@5,0,0,0,0,0,0,0,20230313,20230613
T6@5,0,0,0,0,0,0,0,20230313,20230613
10.61@1,1,1,1,1,1,0,0,20230313,20230613
10.61@2,0,0,0,0,0,1,0,20230313,20230613
10.61@3,0,0,0,0,0,0,1,20230313,20230613
10.61@5,0,0,0,0,0,0,0,20230313,20230613
10.62@1,1,1,1,1,1,0,0,20230313,20230613
10.62@2,0,0,0,0,0,1,0,20230313,20230613
10.62@3,0,0,0,0,0,0,1,20230313,20230613
10.62@5,0,0,0,0,0,0,0,20230313,20230613
10.7@1,1,1,1,1,1,0,0,20230313,20230613
10.7@2,0,0,0,0,0,1,0,20230313,20230613
10.7@3,0,0,0,0,0,0,1,20230313,20230613
10.7@5,0,0,0,0,0,0,0,20230313,20230613
10.71@1,1,1,1,1,1,0,0,20230313,20230613
10.71@2,0,0,0,0,0,1,0,20230313,20230613
T9@1,1,1,1,1,1,0,0,20230313,20230613
T9@2,0,0,0,0,0,1,0,20230313,20230613
T9@3,0,0,0,0,0,0,1,20230313,20230613
T9@5,0,0,0,0,0,0,0,20230313,20230613
T10@1,1,1,1,1,1,0,0,20230313,20230613
A14@1,1,1,1,1,1,0,0,20230313,20230613
A14@2,0,0,0,0,0,1,0,20230313,20230613
A14@3,0,0,0,0,0,0,1,20230313,20230613
A14@5,0,0,0,0,0,0,0,20230313,20230613
A141@1,1,1,1,1,1,0,0,20230313,20230613
A141@2,0,0,0,0,0,1,0,20230313,20230613
A141@3,0,0,0,0,0,0,1,20230313,20230613
A141@5,0,0,0,0,0,0,0,20230313,20230613
A142@1,1,1,1,1,1,0,0,20230313,20230613
A143@1,1,1,1,1,1,0,0,20230313,20230613
E6011@1,1,1,1,1,1,0,0,20230313,20230613
E6011@2,0,0,0,0,0,1,0,20230313,20230613
E6011@3,0,0,0,0,0,0,1,20230313,20230613
E6011@5,0,0,0,0,0,0,0,20230313,20230613
TR31@1,1,1,1,1,1,0,0,20230313,20230613
149@1,1,1,1,1,1,0,0,20230313,20230613
149@2,0,0,0,0,0,1,0,20230313,20230613
149@3,0,0,0,0,0,0,1,20230313,20230613
149@5,0,0,0,0,0,0,0,20230313,20230613
1493@1,1,1,1,1,1,0,0,20230313,20230613
1493@2,0,0,0,0,0,1,0,20230313,20230613
1493@3,0,0,0,0,0,0,1,20230313,20230613
1493@5,0,0,0,0,0,0,0,20230313,20230613
244@1,1,1,1,1,1,0,0,20230313,20230613
244@2,0,0,0,0,0,1,0,20230313,20230613
244@3,0,0,0,0,0,0,1,20230313,20230613
244@5,0,0,0,0,0,0,0,20230313,20230613
2441@1,1,1,1,1,1,0,0,20230313,20230613
2441@2,0,0,0,0,0,1,0,20230313,20230613
2441@3,0,0,0,0,0,0,1,20230313,20230613
2441@5,0,0,0,0,0,0,0,20230313,20230613
TR62@1,1,1,1,1,1,0,0,20230313,20230613
TR60@1,1,1,1,1,1,0,0,20230313,20230613
A19@1,1,1,1,1,1,0,0,20230313,20230613
A19@2,0,0,0,0,0,1,0,20230313,20230613
A19@3,0,0,0,0,0,0,1,20230313,20230613
A19@5,0,0,0,0,0,0,0,20230313,20230613
171@1,1,1,1,1,1,0,0,20230313,20230613
171@2,0,0,0,0,0,1,0,20230313,20230613
171@3,0,0,0,0,0,0,1,20230313,20230613
171@5,0,0,0,0,0,0,0,20230313,20230613
O171@2,0,0,0,0,0,1,0,20230313,20230613
O171@3,0,0,0,0,0,0,1,20230313,20230613
O171@5,0,0,0,0,0,0,0,20230313,20230613
1713@1,1,1,1,1,1,0,0,20230313,20230613
1714@1,1,1,1,1,1,0,0,20230313,20230613
R5@1,1,1,1,1,1,0,0,20230313,20230613
1716@1,1,1,1,1,1,0,0,20230313,20230613
1716@2,0,0,0,0,0,1,0,20230313,20230613
1716@3,0,0,0,0,0,0,1,20230313,20230613
1716@5,0,0,0,0,0,0,0,20230313,20230613
1715@1,1,1,1,1,1,0,0,20230313,20230613
173@1,1,1,1,1,1,0,0,20230313,20230613
173@2,0,0,0,0,0,1,0,20230313,20230613
173@3,0,0,0,0,0,0,1,20230313,20230613
173@5,0,0,0,0,0,0,0,20230313,20230613
1761@1,1,1,1,1,1,0,0,20230313,20230613
177@1,1,1,1,1,1,0,0,20230313,20230613
177@2,0,0,0,0,0,1,0,20230313,20230613
177@3,0,0,0,0,0,0,1,20230313,20230613
177@5,0,0,0,0,0,0,0,20230313,20230613
178@1,1,1,1,1,1,0,0,20230313,20230613
178@2,0,0,0,0,0,1,0,20230313,20230613
178@3,0,0,0,0,0,0,1,20230313,20230613
178@5,0,0,0,0,0,0,0,20230313,20230613
179@1,1,1,1,1,1,0,0,20230313,20230613
179@2,0,0,0,0,0,1,0,20230313,20230613
179@3,0,0,0,0,0,0,1,20230313,20230613
179@5,0,0,0,0,0,0,0,20230313,20230613
1792@1,1,1,1,1,1,0,0,20230313,20230613
176@1,1,1,1,1,1,0,0,20230313,20230613
176@2,0,0,0,0,0,1,0,20230313,20230613
176@3,0,0,0,0,0,0,1,20230313,20230613
176@5,0,0,0,0,0,0,0,20230313,20230613
M79@1,1,1,1,1,1,0,0,20230313,20230613
M79@2,0,0,0,0,0,1,0,20230313,20230613
M79@3,0,0,0,0,0,0,1,20230313,20230613
M79@5,0,0,0,0,0,0,0,20230313,20230613
1795@1,1,1,1,1,1,0,0,20230313,20230613
1795@2,0,0,0,0,0,1,0,20230313,20230613
280@1,1,1,1,1,1,0,0,20230313,20230613
C80@1,1,1,1,1,1,0,0,20230313,20230613
C80@2,0,0,0,0,0,1,0,20230313,20230613
C80@3,0,0,0,0,0,0,1,20230313,20230613
C80@5,0,0,0,0,0,0,0,20230313,20230613
C801@1,1,1,1,1,1,0,0,20230313,20230613
C802@1,1,1,1,1,1,0,0,20230313,20230613
282@1,1,1,1,1,1,0,0,20230313,20230613
282@2,0,0,0,0,0,1,0,20230313,20230613
282@3,0,0,0,0,0,0,1,20230313,20230613
282@5,0,0,0,0,0,0,0,20230313,20230613
2821@1,1,1,1,1,1,0,0,20230313,20230613
2821@2,0,0,0,0,0,1,0,20230313,20230613
2821@3,0,0,0,0,0,0,1,20230313,20230613
2821@5,0,0,0,0,0,0,0,20230313,20230613
2822@1,1,1,1,1,1,0,0,20230313,20230613
184@1,1,1,1,1,1,0,0,20230313,20230613
184@2,0,0,0,0,0,1,0,20230313,20230613
184@3,0,0,0,0,0,0,1,20230313,20230613
184@5,0,0,0,0,0,0,0,20230313,20230613
1841@1,1,1,1,1,1,0,0,20230313,20230613
R84@1,1,1,1,1,1,0,0,20230313,20230613
1842@1,1,1,1,1,1,0,0,20230313,20230613
188@1,1,1,1,1,1,0,0,20230313,20230613
188@2,0,0,0,0,0,1,0,20230313,20230613
188@3,0,0,0,0,0,0,1,20230313,20230613
188@5,0,0,0,0,0,0,0,20230313,20230613
189@1,1,1,1,1,1,0,0,20230313,20230613
189@2,0,0,0,0,0,1,0,20230313,20230613
189@3,0,0,0,0,0,0,1,20230313,20230613
189@5,0,0,0,0,0,0,0,20230313,20230613
195@1,1,1,1,1,1,0,0,20230313,20230613
195@2,0,0,0,0,0,1,0,20230313,20230613
195@3,0,0,0,0,0,0,1,20230313,20230613
195@5,0,0,0,0,0,0,0,20230313,20230613
02.1@1,1,1,1,1,1,0,0,20230313,20230613
F02@1,1,1,1,1,1,0,0,20230313,20230613
02.1@2,0,0,0,0,0,1,0,20230313,20230613
F02@2,0,0,0,0,0,1,0,20230313,20230613
20.11@1,1,1,1,1,1,0,0,20230313,20230613
20.11@2,0,0,0,0,0,1,0,20230313,20230613
20.21@1,1,1,1,1,1,0,0,20230313,20230613
20.21@2,0,0,0,0,0,1,0,20230313,20230613
20.21@3,0,0,0,0,0,0,1,20230313,20230613
20.21@5,0,0,0,0,0,0,0,20230313,20230613
20.4@1,1,1,1,1,1,0,0,20230313,20230613
20.5@1,1,1,1,1,1,0,0,20230313,20230613
20.5@2,0,0,0,0,0,1,0,20230313,20230613
20.6@1,1,1,1,1,1,0,0,20230313,20230613
20.6@2,0,0,0,0,0,1,0,20230313,20230613
20.6@3,0,0,0,0,0,0,1,20230313,20230613
20.6@5,0,0,0,0,0,0,0,20230313,20230613
209@1,1,1,1,1,1,0,0,20230313,20230613
209@2,0,0,0,0,0,1,0,20230313,20230613
209@3,0,0,0,0,0,0,1,20230313,20230613
209@5,0,0,0,0,0,0,0,20230313,20230613
A15@1,1,1,1,1,1,0,0,20230313,20230613
A15@2,0,0,0,0,0,1,0,20230313,20230613
A09@1,1,1,1,1,1,0,0,20230313,20230613
A09@2,0,0,0,0,0,1,0,20230313,20230613
02.11@1,1,1,1,1,1,0,0,20230313,20230613
02.11@2,0,0,0,0,0,1,0,20230313,20230613
210@1,1,1,1,1,1,0,0,20230313,20230613
210@2,0,0,0,0,0,1,0,20230313,20230613
210@3,0,0,0,0,0,0,1,20230313,20230613
210@5,0,0,0,0,0,0,0,20230313,20230613
110@1,1,1,1,1,1,0,0,20230313,20230613
110@2,0,0,0,0,0,1,0,20230313,20230613
216@1,1,1,1,1,1,0,0,20230313,20230613
216@2,0,0,0,0,0,1,0,20230313,20230613
216@3,0,0,0,0,0,0,1,20230313,20230613
216@5,0,0,0,0,0,0,0,20230313,20230613
O210@2,0,0,0,0,0,1,0,20230313,20230613
O210@3,0,0,0,0,0,0,1,20230313,20230613
O210@5,0,0,0,0,0,0,0,20230313,20230613
R10@1,1,1,1,1,1,0,0,20230313,20230613
R10@2,0,0,0,0,0,1,0,20230313,20230613
R16@1,1,1,1,1,1,0,0,20230313,20230613
1102@1,1,1,1,1,1,0,0,20230313,20230613
T12A@1,1,1,1,1,1,0,0,20230313,20230613
T12A@2,0,0,0,0,0,1,0,20230313,20230613
T12A@3,0,0,0,0,0,0,1,20230313,20230613
T12A@5,0,0,0,0,0,0,0,20230313,20230613
R101@2,0,0,0,0,0,1,0,20230313,20230613
R101@3,0,0,0,0,0,0,1,20230313,20230613
R101@5,0,0,0,0,0,0,0,20230313,20230613
A1@1,1,1,1,1,1,0,0,20230313,20230613
214@1,1,1,1,1,1,0,0,20230313,20230613
2141@1,1,1,1,1,1,0,0,20230313,20230613
1101@2,0,0,0,0,0,1,0,20230313,20230613
1101@3,0,0,0,0,0,0,1,20230313,20230613
1101@5,0,0,0,0,0,0,0,20230313,20230613
2101@2,0,0,0,0,0,1,0,20230313,20230613
2101@3,0,0,0,0,0,0,1,20230313,20230613
2101@5,0,0,0,0,0,0,0,20230313,20230613
211@1,1,1,1,1,1,0,0,20230313,20230613
211@2,0,0,0,0,0,1,0,20230313,20230613
211@3,0,0,0,0,0,0,1,20230313,20230613
211@5,0,0,0,0,0,0,0,20230313,20230613
111@1,1,1,1,1,1,0,0,20230313,20230613
1111@2,0,0,0,0,0,1,0,20230313,20230613
A11@1,1,1,1,1,1,0,0,20230313,20230613
A11@2,0,0,0,0,0,1,0,20230313,20230613
A11@3,0,0,0,0,0,0,1,20230313,20230613
A11@5,0,0,0,0,0,0,0,20230313,20230613
R3@1,1,1,1,1,1,0,0,20230313,20230613
R4@1,1,1,1,1,1,0,0,20230313,20230613
A18@1,1,1,1,1,1,0,0,20230313,20230613
A17@1,1,1,1,1,1,0,0,20230313,20230613
A17@2,0,0,0,0,0,1,0,20230313,20230613
A17@3,0,0,0,0,0,0,1,20230313,20230613
A17@5,0,0,0,0,0,0,0,20230313,20230613
M10@1,1,1,1,1,1,0,0,20230313,20230613
M10@2,0,0,0,0,0,1,0,20230313,20230613
M10@3,0,0,0,0,0,0,1,20230313,20230613
M10@5,0,0,0,0,0,0,0,20230313,20230613
A13@1,1,1,1,1,1,0,0,20230313,20230613
A13@2,0,0,0,0,0,1,0,20230313,20230613
A13@3,0,0,0,0,0,0,1,20230313,20230613
A13@5,0,0,0,0,0,0,0,20230313,20230613
2531@2,0,0,0,0,0,1,0,20230313,20230613
2531@3,0,0,0,0,0,0,1,20230313,20230613
2531@5,0,0,0,0,0,0,0,20230313,20230613
2533@1,1,1,1,1,1,0,0,20230313,20230613
2533@2,0,0,0,0,0,1,0,20230313,20230613
2533@3,0,0,0,0,0,0,1,20230313,20230613
2533@5,0,0,0,0,0,0,0,20230313,20230613
2542@1,1,1,1,1,1,0,0,20230313,20230613
2543@1,1,1,1,1,1,0,0,20230313,20230613
2543@2,0,0,0,0,0,1,0,20230313,20230613
2543@3,0,0,0,0,0,0,1,20230313,20230613
2543@5,0,0,0,0,0,0,0,20230313,20230613
255@1,1,1,1,1,1,0,0,20230313,20230613
255@2,0,0,0,0,0,1,0,20230313,20230613
255@3,0,0,0,0,0,0,1,20230313,20230613
255@5,0,0,0,0,0,0,0,20230313,20230613
2552@2,0,0,0,0,0,1,0,20230313,20230613
2552@3,0,0,0,0,0,0,1,20230313,20230613
2552@5,0,0,0,0,0,0,0,20230313,20230613
A257@2,0,0,0,0,0,1,0,20230313,20230613
A257@3,0,0,0,0,0,0,1,20230313,20230613
A257@5,0,0,0,0,0,0,0,20230313,20230613
256@1,1,1,1,1,1,0,0,20230313,20230613
256@2,0,0,0,0,0,1,0,20230313,20230613
2561@1,1,1,1,1,1,0,0,20230313,20230613
2561@2,0,0,0,0,0,1,0,20230313,20230613
2562@1,1,1,1,1,1,0,0,20230313,20230613
2562@2,0,0,0,0,0,1,0,20230313,20230613
2562@3,0,0,0,0,0,0,1,20230313,20230613
2562@5,0,0,0,0,0,0,0,20230313,20230613
2563@1,1,1,1,1,1,0,0,20230313,20230613
2572@1,1,1,1,1,1,0,0,20230313,20230613
2572@2,0,0,0,0,0,1,0,20230313,20230613
2572@3,0,0,0,0,0,0,1,20230313,20230613
2572@5,0,0,0,0,0,0,0,20230313,20230613
2573@1,1,1,1,1,1,0,0,20230313,20230613
2573@2,0,0,0,0,0,1,0,20230313,20230613
2573@3,0,0,0,0,0,0,1,20230313,20230613
2573@5,0,0,0,0,0,0,0,20230313,20230613
250@1,1,1,1,1,1,0,0,20230313,20230613
250@2,0,0,0,0,0,1,0,20230313,20230613
250@3,0,0,0,0,0,0,1,20230313,20230613
250@5,0,0,0,0,0,0,0,20230313,20230613
251@1,1,1,1,1,1,0,0,20230313,20230613
251@2,0,0,0,0,0,1,0,20230313,20230613
251@3,0,0,0,0,0,0,1,20230313,20230613
251@5,0,0,0,0,0,0,0,20230313,20230613
253@1,1,1,1,1,1,0,0,20230313,20230613
253@2,0,0,0,0,0,1,0,20230313,20230613
254@1,1,1,1,1,1,0,0,20230313,20230613
254@2,0,0,0,0,0,1,0,20230313,20230613
254@3,0,0,0,0,0,0,1,20230313,20230613
254@5,0,0,0,0,0,0,0,20230313,20230613
2541@1,1,1,1,1,1,0,0,20230313,20230613
2541@2,0,0,0,0,0,1,0,20230313,20230613
2541@3,0,0,0,0,0,0,1,20230313,20230613
2541@5,0,0,0,0,0,0,0,20230313,20230613
260@2,0,0,0,0,0,1,0,20230313,20230613
260@3,0,0,0,0,0,0,1,20230313,20230613
260@5,0,0,0,0,0,0,0,20230313,20230613
2602@1,1,1,1,1,1,0,0,20230313,20230613
2602@2,0,0,0,0,0,1,0,20230313,20230613
2602@3,0,0,0,0,0,0,1,20230313,20230613
2602@5,0,0,0,0,0,0,0,20230313,20230613
R21@1,1,1,1,1,1,0,0,20230313,20230613
2601@1,1,1,1,1,1,0,0,20230313,20230613
2601@2,0,0,0,0,0,1,0,20230313,20230613
2601@3,0,0,0,0,0,0,1,20230313,20230613
2601@5,0,0,0,0,0,0,0,20230313,20230613
R22@1,1,1,1,1,1,0,0,20230313,20230613
20.62@1,1,1,1,1,1,0,0,20230313,20230613
G261@1,1,1,1,1,1,0,0,20230313,20230613
20.62@2,0,0,0,0,0,1,0,20230313,20230613
G261@2,0,0,0,0,0,1,0,20230313,20230613
262@1,1,1,1,1,1,0,0,20230313,20230613
262@2,0,0,0,0,0,1,0,20230313,20230613
262@3,0,0,0,0,0,0,1,20230313,20230613
262@5,0,0,0,0,0,0,0,20230313,20230613
R1@1,1,1,1,1,1,0,0,20230313,20230613
2621@1,1,1,1,1,1,0,0,20230313,20230613
270@1,1,1,1,1,1,0,0,20230313,20230613
170@1,1,1,1,1,1,0,0,20230313,20230613
271@1,1,1,1,1,1,0,0,20230313,20230613
2701@1,1,1,1,1,1,0,0,20230313,20230613
2701@2,0,0,0,0,0,1,0,20230313,20230613
2701@3,0,0,0,0,0,0,1,20230313,20230613
2701@5,0,0,0,0,0,0,0,20230313,20230613
2631@1,1,1,1,1,1,0,0,20230313,20230613
2631@2,0,0,0,0,0,1,0,20230313,20230613
2631@3,0,0,0,0,0,0,1,20230313,20230613
2631@5,0,0,0,0,0,0,0,20230313,20230613
263@1,1,1,1,1,1,0,0,20230313,20230613
A265@1,1,1,1,1,1,0,0,20230313,20230613
2632@1,1,1,1,1,1,0,0,20230313,20230613
2632@2,0,0,0,0,0,1,0,20230313,20230613
2632@3,0,0,0,0,0,0,1,20230313,20230613
2632@5,0,0,0,0,0,0,0,20230313,20230613
2633@1,1,1,1,1,1,0,0,20230313,20230613
264@1,1,1,1,1,1,0,0,20230313,20230613
264@2,0,0,0,0,0,1,0,20230313,20230613
264@3,0,0,0,0,0,0,1,20230313,20230613
264@5,0,0,0,0,0,0,0,20230313,20230613
165@1,1,1,1,1,1,0,0,20230313,20230613
165@2,0,0,0,0,0,1,0,20230313,20230613
165@3,0,0,0,0,0,0,1,20230313,20230613
165@5,0,0,0,0,0,0,0,20230313,20230613
266@1,1,1,1,1,1,0,0,20230313,20230613
266@2,0,0,0,0,0,1,0,20230313,20230613
266@3,0,0,0,0,0,0,1,20230313,20230613
266@5,0,0,0,0,0,0,0,20230313,20230613
2661@1,1,1,1,1,1,0,0,20230313,20230613
A66@1,1,1,1,1,1,0,0,20230313,20230613
286@1,1,1,1,1,1,0,0,20230313,20230613
286@2,0,0,0,0,0,1,0,20230313,20230613
286@3,0,0,0,0,0,0,1,20230313,20230613
286@5,0,0,0,0,0,0,0,20230313,20230613
284@1,1,1,1,1,1,0,0,20230313,20230613
284@2,0,0,0,0,0,1,0,20230313,20230613
284@3,0,0,0,0,0,0,1,20230313,20230613
284@5,0,0,0,0,0,0,0,20230313,20230613
A67@1,1,1,1,1,1,0,0,20230313,20230613
A671@1,1,1,1,1,1,0,0,20230313,20230613
A671@2,0,0,0,0,0,1,0,20230313,20230613
A28@1,1,1,1,1,1,0,0,20230313,20230613
A87@1,1,1,1,1,1,0,0,20230313,20230613
A87@2,0,0,0,0,0,1,0,20230313,20230613
A87@3,0,0,0,0,0,0,1,20230313,20230613
A87@5,0,0,0,0,0,0,0,20230313,20230613
289@1,1,1,1,1,1,0,0,20230313,20230613
289@2,0,0,0,0,0,1,0,20230313,20230613
289@3,0,0,0,0,0,0,1,20230313,20230613
289@5,0,0,0,0,0,0,0,20230313,20230613
A69@1,1,1,1,1,1,0,0,20230313,20230613
A69@2,0,0,0,0,0,1,0,20230313,20230613
A69@3,0,0,0,0,0,0,1,20230313,20230613
A69@5,0,0,0,0,0,0,0,20230313,20230613
A691@1,1,1,1,1,1,0,0,20230313,20230613
2843@1,1,1,1,1,1,0,0,20230313,20230613
2843@2,0,0,0,0,0,1,0,20230313,20230613
2843@3,0,0,0,0,0,0,1,20230313,20230613
2843@5,0,0,0,0,0,0,0,20230313,20230613
D67@1,1,1,1,1,1,0,0,20230313,20230613
A841@1,1,1,1,1,1,0,0,20230313,20230613
R67@1,1,1,1,1,1,0,0,20230313,20230613
268@1,1,1,1,1,1,0,0,20230313,20230613
268@2,0,0,0,0,0,1,0,20230313,20230613
268@3,0,0,0,0,0,0,1,20230313,20230613
268@5,0,0,0,0,0,0,0,20230313,20230613
168@1,1,1,1,1,1,0,0,20230313,20230613
168@2,0,0,0,0,0,1,0,20230313,20230613
2732@1,1,1,1,1,1,0,0,20230313,20230613
2733@1,1,1,1,1,1,0,0,20230313,20230613
2733@2,0,0,0,0,0,1,0,20230313,20230613
2733@3,0,0,0,0,0,0,1,20230313,20230613
2733@5,0,0,0,0,0,0,0,20230313,20230613
R68@1,1,1,1,1,1,0,0,20230313,20230613
2675@1,1,1,1,1,1,0,0,20230313,20230613
A74@1,1,1,1,1,1,0,0,20230313,20230613
A74@2,0,0,0,0,0,1,0,20230313,20230613
A74@3,0,0,0,0,0,0,1,20230313,20230613
A74@5,0,0,0,0,0,0,0,20230313,20230613
2682@2,0,0,0,0,0,1,0,20230313,20230613
2682@3,0,0,0,0,0,0,1,20230313,20230613
2682@5,0,0,0,0,0,0,0,20230313,20230613
267@1,1,1,1,1,1,0,0,20230313,20230613
2672@1,1,1,1,1,1,0,0,20230313,20230613
2672@2,0,0,0,0,0,1,0,20230313,20230613
2672@3,0,0,0,0,0,0,1,20230313,20230613
2672@5,0,0,0,0,0,0,0,20230313,20230613
A73@1,1,1,1,1,1,0,0,20230313,20230613
M68@1,1,1,1,1,1,0,0,20230313,20230613
M68@2,0,0,0,0,0,1,0,20230313,20230613
M68@3,0,0,0,0,0,0,1,20230313,20230613
M68@5,0,0,0,0,0,0,0,20230313,20230613
A68@1,1,1,1,1,1,0,0,20230313,20230613
2685@1,1,1,1,1,1,0,0,20230313,20230613
2685@2,0,0,0,0,0,1,0,20230313,20230613
2685@3,0,0,0,0,0,0,1,20230313,20230613
2685@5,0,0,0,0,0,0,0,20230313,20230613
2681@1,1,1,1,1,1,0,0,20230313,20230613
269@1,1,1,1,1,1,0,0,20230313,20230613
2671@1,1,1,1,1,1,0,0,20230313,20230613
2671@2,0,0,0,0,0,1,0,20230313,20230613
2671@3,0,0,0,0,0,0,1,20230313,20230613
2671@5,0,0,0,0,0,0,0,20230313,20230613
A70@1,1,1,1,1,1,0,0,20230313,20230613
272@1,1,1,1,1,1,0,0,20230313,20230613
272@2,0,0,0,0,0,1,0,20230313,20230613
272@3,0,0,0,0,0,0,1,20230313,20230613
272@5,0,0,0,0,0,0,0,20230313,20230613
273@1,1,1,1,1,1,0,0,20230313,20230613
2723@1,1,1,1,1,1,0,0,20230313,20230613
A871@1,1,1,1,1,1,0,0,20230313,20230613
2725@1,1,1,1,1,1,0,0,20230313,20230613
2721@2,0,0,0,0,0,1,0,20230313,20230613
1112@1,1,1,1,1,1,0,0,20230313,20230613
A872@1,1,1,1,1,1,0,0,20230313,20230613
2731@1,1,1,1,1,1,0,0,20230313,20230613
2731@2,0,0,0,0,0,1,0,20230313,20230613
2731@3,0,0,0,0,0,0,1,20230313,20230613
2731@5,0,0,0,0,0,0,0,20230313,20230613
A874@1,1,1,1,1,1,0,0,20230313,20230613
A875@1,1,1,1,1,1,0,0,20230313,20230613
A876@1,1,1,1,1,1,0,0,20230313,20230613
R9@1,1,1,1,1,1,0,0,20230313,20230613
2722@2,0,0,0,0,0,1,0,20230313,20230613
274@1,1,1,1,1,1,0,0,20230313,20230613
274@2,0,0,0,0,0,1,0,20230313,20230613
274@3,0,0,0,0,0,0,1,20230313,20230613
274@5,0,0,0,0,0,0,0,20230313,20230613
2741@1,1,1,1,1,1,0,0,20230313,20230613
2741@2,0,0,0,0,0,1,0,20230313,20230613
2741@3,0,0,0,0,0,0,1,20230313,20230613
2741@5,0,0,0,0,0,0,0,20230313,20230613
A741@1,1,1,1,1,1,0,0,20230313,20230613
A741@2,0,0,0,0,0,1,0,20230313,20230613
2801@2,0,0,0,0,0,1,0,20230313,20230613
2801@3,0,0,0,0,0,0,1,20230313,20230613
2801@5,0,0,0,0,0,0,0,20230313,20230613
2802@1,1,1,1,1,1,0,0,20230313,20230613
281@1,1,1,1,1,1,0,0,20230313,20230613
281@2,0,0,0,0,0,1,0,20230313,20230613
2811@1,1,1,1,1,1,0,0,20230313,20230613
2811@2,0,0,0,0,0,1,0,20230313,20230613
2814@2,0,0,0,0,0,1,0,20230313,20230613
2814@3,0,0,0,0,0,0,1,20230313,20230613
2814@5,0,0,0,0,0,0,0,20230313,20230613
2813@2,0,0,0,0,0,1,0,20230313,20230613
2813@3,0,0,0,0,0,0,1,20230313,20230613
2813@5,0,0,0,0,0,0,0,20230313,20230613
2812@1,1,1,1,1,1,0,0,20230313,20230613
2812@2,0,0,0,0,0,1,0,20230313,20230613
2815@1,1,1,1,1,1,0,0,20230313,20230613
2816@2,0,0,0,0,0,1,0,20230313,20230613
2816@3,0,0,0,0,0,0,1,20230313,20230613
2816@5,0,0,0,0,0,0,0,20230313,20230613
R81@1,1,1,1,1,1,0,0,20230313,20230613
A81@1,1,1,1,1,1,0,0,20230313,20230613
A81@2,0,0,0,0,0,1,0,20230313,20230613
A81@3,0,0,0,0,0,0,1,20230313,20230613
A81@5,0,0,0,0,0,0,0,20230313,20230613
283@1,1,1,1,1,1,0,0,20230313,20230613
283@2,0,0,0,0,0,1,0,20230313,20230613
283@3,0,0,0,0,0,0,1,20230313,20230613
283@5,0,0,0,0,0,0,0,20230313,20230613
2832@1,1,1,1,1,1,0,0,20230313,20230613
A85@1,1,1,1,1,1,0,0,20230313,20230613
A85@2,0,0,0,0,0,1,0,20230313,20230613
A85@3,0,0,0,0,0,0,1,20230313,20230613
A85@5,0,0,0,0,0,0,0,20230313,20230613
A851@1,1,1,1,1,1,0,0,20230313,20230613
A86@1,1,1,1,1,1,0,0,20230313,20230613
A862@1,1,1,1,1,1,0,0,20230313,20230613
A842@1,1,1,1,1,1,0,0,20230313,20230613
A288@1,1,1,1,1,1,0,0,20230313,20230613
A16@1,1,1,1,1,1,0,0,20230313,20230613
A161@1,1,1,1,1,1,0,0,20230313,20230613
30.2@1,1,1,1,1,1,0,0,20230313,20230613
30.2@2,0,0,0,0,0,1,0,20230313,20230613
30.2@3,0,0,0,0,0,0,1,20230313,20230613
30.2@5,0,0,0,0,0,0,0,20230313,20230613
30.21@1,1,1,1,1,1,0,0,20230313,20230613
30.23@1,1,1,1,1,1,0,0,20230313,20230613
30.23@2,0,0,0,0,0,1,0,20230313,20230613
T12@1,1,1,1,1,1,0,0,20230313,20230613
T12@2,0,0,0,0,0,1,0,20230313,20230613
T12@3,0,0,0,0,0,0,1,20230313,20230613
T12@5,0,0,0,0,0,0,0,20230313,20230613
T121@1,1,1,1,1,1,0,0,20230313,20230613
340@1,1,1,1,1,1,0,0,20230313,20230613
343@1,1,1,1,1,1,0,0,20230313,20230613
343@2,0,0,0,0,0,1,0,20230313,20230613
343@3,0,0,0,0,0,0,1,20230313,20230613
343@5,0,0,0,0,0,0,0,20230313,20230613
344@1,1,1,1,1,1,0,0,20230313,20230613
344@2,0,0,0,0,0,1,0,20230313,20230613
344@3,0,0,0,0,0,0,1,20230313,20230613
344@5,0,0,0,0,0,0,0,20230313,20230613
3441@1,1,1,1,1,1,0,0,20230313,20230613
3441@2,0,0,0,0,0,1,0,20230313,20230613
3441@3,0,0,0,0,0,0,1,20230313,20230613
3441@5,0,0,0,0,0,0,0,20230313,20230613
3442@1,1,1,1,1,1,0,0,20230313,20230613
3442@2,0,0,0,0,0,1,0,20230313,20230613
3442@3,0,0,0,0,0,0,1,20230313,20230613
3442@5,0,0,0,0,0,0,0,20230313,20230613
3443@1,1,1,1,1,1,0,0,20230313,20230613
345@1,1,1,1,1,1,0,0,20230313,20230613
345@2,0,0,0,0,0,1,0,20230313,20230613
346@1,1,1,1,1,1,0,0,20230313,20230613
346@2,0,0,0,0,0,1,0,20230313,20230613
3462@1,1,1,1,1,1,0,0,20230313,20230613
3462@2,0,0,0,0,0,1,0,20230313,20230613
3462@3,0,0,0,0,0,0,1,20230313,20230613
3462@5,0,0,0,0,0,0,0,20230313,20230613
3463@3,0,0,0,0,0,0,1,20230313,20230613
3463@5,0,0,0,0,0,0,0,20230313,20230613
347@1,1,1,1,1,1,0,0,20230313,20230613
347@2,0,0,0,0,0,1,0,20230313,20230613
347@3,0,0,0,0,0,0,1,20230313,20230613
347@5,0,0,0,0,0,0,0,20230313,20230613
348@1,1,1,1,1,1,0,0,20230313,20230613
3481@1,1,1,1,1,1,0,0,20230313,20230613
A348@1,1,1,1,1,1,0,0,20230313,20230613
A48@2,0,0,0,0,0,1,0,20230313,20230613
A48@3,0,0,0,0,0,0,1,20230313,20230613
A48@5,0,0,0,0,0,0,0,20230313,20230613
349@1,1,1,1,1,1,0,0,20230313,20230613
349@2,0,0,0,0,0,1,0,20230313,20230613
349@3,0,0,0,0,0,0,1,20230313,20230613
349@5,0,0,0,0,0,0,0,20230313,20230613
3491@2,0,0,0,0,0,1,0,20230313,20230613
3491@3,0,0,0,0,0,0,1,20230313,20230613
3491@5,0,0,0,0,0,0,0,20230313,20230613
360@1,1,1,1,1,1,0,0,20230313,20230613
353@1,1,1,1,1,1,0,0,20230313,20230613
353@2,0,0,0,0,0,1,0,20230313,20230613
353@3,0,0,0,0,0,0,1,20230313,20230613
353@5,0,0,0,0,0,0,0,20230313,20230613
A360@2,0,0,0,0,0,1,0,20230313,20230613
A360@3,0,0,0,0,0,0,1,20230313,20230613
A360@5,0,0,0,0,0,0,0,20230313,20230613
361@1,1,1,1,1,1,0,0,20230313,20230613
361@2,0,0,0,0,0,1,0,20230313,20230613
361@3,0,0,0,0,0,0,1,20230313,20230613
361@5,0,0,0,0,0,0,0,20230313,20230613
375@1,1,1,1,1,1,0,0,20230313,20230613
375@2,0,0,0,0,0,1,0,20230313,20230613
375@3,0,0,0,0,0,0,1,20230313,20230613
375@5,0,0,0,0,0,0,0,20230313,20230613
376@1,1,1,1,1,1,0,0,20230313,20230613
A375@3,0,0,0,0,0,0,1,20230313,20230613
A375@5,0,0,0,0,0,0,0,20230313,20230613
3762@1,1,1,1,1,1,0,0,20230313,20230613
3762@2,0,0,0,0,0,1,0,20230313,20230613
3762@3,0,0,0,0,0,0,1,20230313,20230613
3762@5,0,0,0,0,0,0,0,20230313,20230613
3761@1,1,1,1,1,1,0,0,20230313,20230613
394@1,1,1,1,1,1,0,0,20230313,20230613
394@2,0,0,0,0,0,1,0,20230313,20230613
394@3,0,0,0,0,0,0,1,20230313,20230613
394@5,0,0,0,0,0,0,0,20230313,20230613
A94@1,1,1,1,1,1,0,0,20230313,20230613
A943@1,1,1,1,1,1,0,0,20230313,20230613
3942@1,1,1,1,1,1,0,0,20230313,20230613
3944@1,1,1,1,1,1,0,0,20230313,20230613
3943@1,1,1,1,1,1,0,0,20230313,20230613
3945@1,1,1,1,1,1,0,0,20230313,20230613
3941@2,0,0,0,0,0,1,0,20230313,20230613
3941@3,0,0,0,0,0,0,1,20230313,20230613
3941@5,0,0,0,0,0,0,0,20230313,20230613
3946@1,1,1,1,1,1,0,0,20230313,20230613
3946@2,0,0,0,0,0,1,0,20230313,20230613
3946@3,0,0,0,0,0,0,1,20230313,20230613
3946@5,0,0,0,0,0,0,0,20230313,20230613
3947@1,1,1,1,1,1,0,0,20230313,20230613
3947@2,0,0,0,0,0,1,0,20230313,20230613
395@1,1,1,1,1,1,0,0,20230313,20230613
3951@1,1,1,1,1,1,0,0,20230313,20230613
3952@1,1,1,1,1,1,0,0,20230313,20230613
3953@1,1,1,1,1,1,0,0,20230313,20230613
3954@1,1,1,1,1,1,0,0,20230313,20230613
397@1,1,1,1,1,1,0,0,20230313,20230613
397@2,0,0,0,0,0,1,0,20230313,20230613
397@3,0,0,0,0,0,0,1,20230313,20230613
397@5,0,0,0,0,0,0,0,20230313,20230613
3973@1,1,1,1,1,1,0,0,20230313,20230613
3971@3,0,0,0,0,0,0,1,20230313,20230613
3971@5,0,0,0,0,0,0,0,20230313,20230613
A321@3,0,0,0,0,0,0,1,20230313,20230613
A321@5,0,0,0,0,0,0,0,20230313,20230613
3974@1,1,1,1,1,1,0,0,20230313,20230613
3974@2,0,0,0,0,0,1,0,20230313,20230613
3972@1,1,1,1,1,1,0,0,20230313,20230613
R32@1,1,1,1,1,1,0,0,20230313,20230613
R321@1,1,1,1,1,1,0,0,20230313,20230613
R321@2,0,0,0,0,0,1,0,20230313,20230613
398@1,1,1,1,1,1,0,0,20230313,20230613
398@2,0,0,0,0,0,1,0,20230313,20230613
398@3,0,0,0,0,0,0,1,20230313,20230613
398@5,0,0,0,0,0,0,0,20230313,20230613
3981@1,1,1,1,1,1,0,0,20230313,20230613
M98@1,1,1,1,1,1,0,0,20230313,20230613
M98@2,0,0,0,0,0,1,0,20230313,20230613
M98@3,0,0,0,0,0,0,1,20230313,20230613
M98@5,0,0,0,0,0,0,0,20230313,20230613
R31@1,1,1,1,1,1,0,0,20230313,20230613
R31@2,0,0,0,0,0,1,0,20230313,20230613
A992@1,1,1,1,1,1,0,0,20230313,20230613
A993@1,1,1,1,1,1,0,0,20230313,20230613
A993@2,0,0,0,0,0,1,0,20230313,20230613
A99@1,1,1,1,1,1,0,0,20230313,20230613
A99@2,0,0,0,0,0,1,0,20230313,20230613
A99@3,0,0,0,0,0,0,1,20230313,20230613
A99@5,0,0,0,0,0,0,0,20230313,20230613
O398@2,0,0,0,0,0,1,0,20230313,20230613
O398@3,0,0,0,0,0,0,1,20230313,20230613
O398@5,0,0,0,0,0,0,0,20230313,20230613
A991@1,1,1,1,1,1,0,0,20230313,20230613
A991@2,0,0,0,0,0,1,0,20230313,20230613
A991@3,0,0,0,0,0,0,1,20230313,20230613
A991@5,0,0,0,0,0,0,0,20230313,20230613
3982@1,1,1,1,1,1,0,0,20230313,20230613
3985@1,1,1,1,1,1,0,0,20230313,20230613
3983@1,1,1,1,1,1,0,0,20230313,20230613
C98@1,1,1,1,1,1,0,0,20230313,20230613
3986@1,1,1,1,1,1,0,0,20230313,20230613
3984@1,1,1,1,1,1,0,0,20230313,20230613
3984@2,0,0,0,0,0,1,0,20230313,20230613
3984@3,0,0,0,0,0,0,1,20230313,20230613
3984@5,0,0,0,0,0,0,0,20230313,20230613
C981@1,1,1,1,1,1,0,0,20230313,20230613
A951@1,1,1,1,1,1,0,0,20230313,20230613
A98@1,1,1,1,1,1,0,0,20230313,20230613
A98@2,0,0,0,0,0,1,0,20230313,20230613
A98@3,0,0,0,0,0,0,1,20230313,20230613
A98@5,0,0,0,0,0,0,0,20230313,20230613
A96@1,1,1,1,1,1,0,0,20230313,20230613
A981@1,1,1,1,1,1,0,0,20230313,20230613
40.4@1,1,1,1,1,1,0,0,20230313,20230613
40.4@2,0,0,0,0,0,1,0,20230313,20230613
40.41@1,1,1,1,1,1,0,0,20230313,20230613
40.41@2,0,0,0,0,0,1,0,20230313,20230613
40.41@3,0,0,0,0,0,0,1,20230313,20230613
40.41@5,0,0,0,0,0,0,0,20230313,20230613
429@1,1,1,1,1,1,0,0,20230313,20230613
429@2,0,0,0,0,0,1,0,20230313,20230613
429@3,0,0,0,0,0,0,1,20230313,20230613
429@5,0,0,0,0,0,0,0,20230313,20230613
4291@1,1,1,1,1,1,0,0,20230313,20230613
4292@1,1,1,1,1,1,0,0,20230313,20230613
4292@2,0,0,0,0,0,1,0,20230313,20230613
4292@3,0,0,0,0,0,0,1,20230313,20230613
4292@5,0,0,0,0,0,0,0,20230313,20230613
4321@1,1,1,1,1,1,0,0,20230313,20230613
4321@2,0,0,0,0,0,1,0,20230313,20230613
4321@3,0,0,0,0,0,0,1,20230313,20230613
4321@5,0,0,0,0,0,0,0,20230313,20230613
433@1,1,1,1,1,1,0,0,20230313,20230613
433@2,0,0,0,0,0,1,0,20230313,20230613
433@3,0,0,0,0,0,0,1,20230313,20230613
433@5,0,0,0,0,0,0,0,20230313,20230613
4332@2,0,0,0,0,0,1,0,20230313,20230613
4332@3,0,0,0,0,0,0,1,20230313,20230613
4332@5,0,0,0,0,0,0,0,20230313,20230613
470@1,1,1,1,1,1,0,0,20230313,20230613
470@2,0,0,0,0,0,1,0,20230313,20230613
470@3,0,0,0,0,0,0,1,20230313,20230613
470@5,0,0,0,0,0,0,0,20230313,20230613
671@1,1,1,1,1,1,0,0,20230313,20230613
671@2,0,0,0,0,0,1,0,20230313,20230613
436@1,1,1,1,1,1,0,0,20230313,20230613
436@2,0,0,0,0,0,1,0,20230313,20230613
436@3,0,0,0,0,0,0,1,20230313,20230613
436@5,0,0,0,0,0,0,0,20230313,20230613
438@1,1,1,1,1,1,0,0,20230313,20230613
4382@1,1,1,1,1,1,0,0,20230313,20230613
4382@2,0,0,0,0,0,1,0,20230313,20230613
4382@3,0,0,0,0,0,0,1,20230313,20230613
4382@5,0,0,0,0,0,0,0,20230313,20230613
439@1,1,1,1,1,1,0,0,20230313,20230613
439@2,0,0,0,0,0,1,0,20230313,20230613
441@1,1,1,1,1,1,0,0,20230313,20230613
441@2,0,0,0,0,0,1,0,20230313,20230613
441@3,0,0,0,0,0,0,1,20230313,20230613
441@5,0,0,0,0,0,0,0,20230313,20230613
4411@1,1,1,1,1,1,0,0,20230313,20230613
T8@1,1,1,1,1,1,0,0,20230313,20230613
T8@2,0,0,0,0,0,1,0,20230313,20230613
T8@3,0,0,0,0,0,0,1,20230313,20230613
T8@5,0,0,0,0,0,0,0,20230313,20230613
473@1,1,1,1,1,1,0,0,20230313,20230613
473@2,0,0,0,0,0,1,0,20230313,20230613
473@3,0,0,0,0,0,0,1,20230313,20230613
473@5,0,0,0,0,0,0,0,20230313,20230613
476@1,1,1,1,1,1,0,0,20230313,20230613
476@2,0,0,0,0,0,1,0,20230313,20230613
M76@1,1,1,1,1,1,0,0,20230313,20230613
M76@2,0,0,0,0,0,1,0,20230313,20230613
M76@3,0,0,0,0,0,0,1,20230313,20230613
M76@5,0,0,0,0,0,0,0,20230313,20230613
490@1,1,1,1,1,1,0,0,20230313,20230613
493@2,0,0,0,0,0,1,0,20230313,20230613
4931@1,1,1,1,1,1,0,0,20230313,20230613
4932@1,1,1,1,1,1,0,0,20230313,20230613
4906@1,1,1,1,1,1,0,0,20230313,20230613
R41@1,1,1,1,1,1,0,0,20230313,20230613
R411@1,1,1,1,1,1,0,0,20230313,20230613
A97@1,1,1,1,1,1,0,0,20230313,20230613
A97@2,0,0,0,0,0,1,0,20230313,20230613
A97@3,0,0,0,0,0,0,1,20230313,20230613
A97@5,0,0,0,0,0,0,0,20230313,20230613
4911@1,1,1,1,1,1,0,0,20230313,20230613
A972@1,1,1,1,1,1,0,0,20230313,20230613
A973@1,1,1,1,1,1,0,0,20230313,20230613
A974@1,1,1,1,1,1,0,0,20230313,20230613
A974@2,0,0,0,0,0,1,0,20230313,20230613
A974@3,0,0,0,0,0,0,1,20230313,20230613
A974@5,0,0,0,0,0,0,0,20230313,20230613
494@1,1,1,1,1,1,0,0,20230313,20230613
494@2,0,0,0,0,0,1,0,20230313,20230613
O491@2,0,0,0,0,0,1,0,20230313,20230613
O491@3,0,0,0,0,0,0,1,20230313,20230613
O491@5,0,0,0,0,0,0,0,20230313,20230613
491@1,1,1,1,1,1,0,0,20230313,20230613
491@2,0,0,0,0,0,1,0,20230313,20230613
491@3,0,0,0,0,0,0,1,20230313,20230613
491@5,0,0,0,0,0,0,0,20230313,20230613
496@1,1,1,1,1,1,0,0,20230313,20230613
A971@1,1,1,1,1,1,0,0,20230313,20230613
492@1,1,1,1,1,1,0,0,20230313,20230613
492@2,0,0,0,0,0,1,0,20230313,20230613
4921@1,1,1,1,1,1,0,0,20230313,20230613
4923@2,0,0,0,0,0,1,0,20230313,20230613
4923@3,0,0,0,0,0,0,1,20230313,20230613
4923@5,0,0,0,0,0,0,0,20230313,20230613
4941@1,1,1,1,1,1,0,0,20230313,20230613
4942@1,1,1,1,1,1,0,0,20230313,20230613
4943@1,1,1,1,1,1,0,0,20230313,20230613
4944@1,1,1,1,1,1,0,0,20230313,20230613
4944@2,0,0,0,0,0,1,0,20230313,20230613
4944@3,0,0,0,0,0,0,1,20230313,20230613
4944@5,0,0,0,0,0,0,0,20230313,20230613
495@1,1,1,1,1,1,0,0,20230313,20230613
4951@1,1,1,1,1,1,0,0,20230313,20230613
4951@2,0,0,0,0,0,1,0,20230313,20230613
4951@3,0,0,0,0,0,0,1,20230313,20230613
4951@5,0,0,0,0,0,0,0,20230313,20230613
4952@1,1,1,1,1,1,0,0,20230313,20230613
4961@1,1,1,1,1,1,0,0,20230313,20230613
497@1,1,1,1,1,1,0,0,20230313,20230613
497@2,0,0,0,0,0,1,0,20230313,20230613
4971@1,1,1,1,1,1,0,0,20230313,20230613
4971@2,0,0,0,0,0,1,0,20230313,20230613
4972@1,1,1,1,1,1,0,0,20230313,20230613
50.1@1,1,1,1,1,1,0,0,20230313,20230613
50.1@2,0,0,0,0,0,1,0,20230313,20230613
50.1@3,0,0,0,0,0,0,1,20230313,20230613
50.1@5,0,0,0,0,0,0,0,20230313,20230613
50.2@1,1,1,1,1,1,0,0,20230313,20230613
50.2@2,0,0,0,0,0,1,0,20230313,20230613
50.3@1,1,1,1,1,1,0,0,20230313,20230613
50.31@1,1,1,1,1,1,0,0,20230313,20230613
50.61@1,1,1,1,1,1,0,0,20230313,20230613
50.61@2,0,0,0,0,0,1,0,20230313,20230613
510@1,1,1,1,1,1,0,0,20230313,20230613
510@2,0,0,0,0,0,1,0,20230313,20230613
5203@1,1,1,1,1,1,0,0,20230313,20230613
5203@2,0,0,0,0,0,1,0,20230313,20230613
5203@3,0,0,0,0,0,0,1,20230313,20230613
5203@5,0,0,0,0,0,0,0,20230313,20230613
525@1,1,1,1,1,1,0,0,20230313,20230613
525@2,0,0,0,0,0,1,0,20230313,20230613
525@3,0,0,0,0,0,0,1,20230313,20230613
525@5,0,0,0,0,0,0,0,20230313,20230613
T7@1,1,1,1,1,1,0,0,20230313,20230613
T7@2,0,0,0,0,0,1,0,20230313,20230613
T7@3,0,0,0,0,0,0,1,20230313,20230613
T7@5,0,0,0,0,0,0,0,20230313,20230613
2576@2,0,0,0,0,0,1,0,20230313,20230613
2576@3,0,0,0,0,0,0,1,20230313,20230613
2576@5,0,0,0,0,0,0,0,20230313,20230613
60.1@1,1,1,1,1,1,0,0,20230313,20230613
60.1@2,0,0,0,0,0,1,0,20230313,20230613
60.1@3,0,0,0,0,0,0,1,20230313,20230613
60.1@5,0,0,0,0,0,0,0,20230313,20230613
60.4@1,1,1,1,1,1,0,0,20230313,20230613
60.4@2,0,0,0,0,0,1,0,20230313,20230613
60.4@3,0,0,0,0,0,0,1,20230313,20230613
60.4@5,0,0,0,0,0,0,0,20230313,20230613
60.5@1,1,1,1,1,1,0,0,20230313,20230613
60.5@2,0,0,0,0,0,1,0,20230313,20230613
60.5@3,0,0,0,0,0,0,1,20230313,20230613
60.5@5,0,0,0,0,0,0,0,20230313,20230613
605@1,1,1,1,1,1,0,0,20230313,20230613
605@2,0,0,0,0,0,1,0,20230313,20230613
605@3,0,0,0,0,0,0,1,20230313,20230613
605@5,0,0,0,0,0,0,0,20230313,20230613
608@1,1,1,1,1,1,0,0,20230313,20230613
608@2,0,0,0,0,0,1,0,20230313,20230613
608@3,0,0,0,0,0,0,1,20230313,20230613
608@5,0,0,0,0,0,0,0,20230313,20230613
610@1,1,1,1,1,1,0,0,20230313,20230613
6101@1,1,1,1,1,1,0,0,20230313,20230613
6101@2,0,0,0,0,0,1,0,20230313,20230613
6102@1,1,1,1,1,1,0,0,20230313,20230613
6102@2,0,0,0,0,0,1,0,20230313,20230613
6102@3,0,0,0,0,0,0,1,20230313,20230613
6102@5,0,0,0,0,0,0,0,20230313,20230613
611@1,1,1,1,1,1,0,0,20230313,20230613
TR61@1,1,1,1,1,1,0,0,20230313,20230613
TR61@2,0,0,0,0,0,1,0,20230313,20230613
613@1,1,1,1,1,1,0,0,20230313,20230613
613@2,0,0,0,0,0,1,0,20230313,20230613
D13@1,1,1,1,1,1,0,0,20230313,20230613
A135@1,1,1,1,1,1,0,0,20230313,20230613
6135@1,1,1,1,1,1,0,0,20230313,20230613
6135@2,0,0,0,0,0,1,0,20230313,20230613
6135@3,0,0,0,0,0,0,1,20230313,20230613
6135@5,0,0,0,0,0,0,0,20230313,20230613
614@1,1,1,1,1,1,0,0,20230313,20230613
615@1,1,1,1,1,1,0,0,20230313,20230613
615@2,0,0,0,0,0,1,0,20230313,20230613
6171@1,1,1,1,1,1,0,0,20230313,20230613
6171@2,0,0,0,0,0,1,0,20230313,20230613
6172@1,1,1,1,1,1,0,0,20230313,20230613
6172@2,0,0,0,0,0,1,0,20230313,20230613
620@1,1,1,1,1,1,0,0,20230313,20230613
620@2,0,0,0,0,0,1,0,20230313,20230613
620@3,0,0,0,0,0,0,1,20230313,20230613
620@5,0,0,0,0,0,0,0,20230313,20230613
6201@1,1,1,1,1,1,0,0,20230313,20230613
T13@1,1,1,1,1,1,0,0,20230313,20230613
T13@2,0,0,0,0,0,1,0,20230313,20230613
5202@1,1,1,1,1,1,0,0,20230313,20230613
520@1,1,1,1,1,1,0,0,20230313,20230613
520@2,0,0,0,0,0,1,0,20230313,20230613
520@3,0,0,0,0,0,0,1,20230313,20230613
520@5,0,0,0,0,0,0,0,20230313,20230613
6204@1,1,1,1,1,1,0,0,20230313,20230613
6204@2,0,0,0,0,0,1,0,20230313,20230613
621@1,1,1,1,1,1,0,0,20230313,20230613
621@2,0,0,0,0,0,1,0,20230313,20230613
621@3,0,0,0,0,0,0,1,20230313,20230613
621@5,0,0,0,0,0,0,0,20230313,20230613
821@1,1,1,1,1,1,0,0,20230313,20230613
821@2,0,0,0,0,0,1,0,20230313,20230613
A21@1,1,1,1,1,1,0,0,20230313,20230613
721@1,1,1,1,1,1,0,0,20230313,20230613
721@2,0,0,0,0,0,1,0,20230313,20230613
D70@1,1,1,1,1,1,0,0,20230313,20230613
D72@1,1,1,1,1,1,0,0,20230313,20230613
D73@1,1,1,1,1,1,0,0,20230313,20230613
D73@2,0,0,0,0,0,1,0,20230313,20230613
D731@1,1,1,1,1,1,0,0,20230313,20230613
SD72@1,1,1,1,1,1,0,0,20230313,20230613
624@1,1,1,1,1,1,0,0,20230313,20230613
624@2,0,0,0,0,0,1,0,20230313,20230613
624@3,0,0,0,0,0,0,1,20230313,20230613
624@5,0,0,0,0,0,0,0,20230313,20230613
A24@1,1,1,1,1,1,0,0,20230313,20230613
B25@1,1,1,1,1,1,0,0,20230313,20230613
B25@2,0,0,0,0,0,1,0,20230313,20230613
B25@3,0,0,0,0,0,0,1,20230313,20230613
B25@5,0,0,0,0,0,0,0,20230313,20230613
B251@1,1,1,1,1,1,0,0,20230313,20230613
B252@1,1,1,1,1,1,0,0,20230313,20230613
A25@1,1,1,1,1,1,0,0,20230313,20230613
627@1,1,1,1,1,1,0,0,20230313,20230613
627@2,0,0,0,0,0,1,0,20230313,20230613
627@3,0,0,0,0,0,0,1,20230313,20230613
627@5,0,0,0,0,0,0,0,20230313,20230613
A27@1,1,1,1,1,1,0,0,20230313,20230613
A27@3,0,0,0,0,0,0,1,20230313,20230613
A27@5,0,0,0,0,0,0,0,20230313,20230613
727@1,1,1,1,1,1,0,0,20230313,20230613
727@2,0,0,0,0,0,1,0,20230313,20230613
7271@1,1,1,1,1,1,0,0,20230313,20230613
827@1,1,1,1,1,1,0,0,20230313,20230613
827@2,0,0,0,0,0,1,0,20230313,20230613
6276@1,1,1,1,1,1,0,0,20230313,20230613
6276@2,0,0,0,0,0,1,0,20230313,20230613
6276@3,0,0,0,0,0,0,1,20230313,20230613
6276@5,0,0,0,0,0,0,0,20230313,20230613
O627@2,0,0,0,0,0,1,0,20230313,20230613
O627@3,0,0,0,0,0,0,1,20230313,20230613
O627@5,0,0,0,0,0,0,0,20230313,20230613
631@1,1,1,1,1,1,0,0,20230313,20230613
631@2,0,0,0,0,0,1,0,20230313,20230613
631@3,0,0,0,0,0,0,1,20230313,20230613
631@5,0,0,0,0,0,0,0,20230313,20230613
831@1,1,1,1,1,1,0,0,20230313,20230613
831@2,0,0,0,0,0,1,0,20230313,20230613
6311@1,1,1,1,1,1,0,0,20230313,20230613
731@1,1,1,1,1,1,0,0,20230313,20230613
731@2,0,0,0,0,0,1,0,20230313,20230613
7311@1,1,1,1,1,1,0,0,20230313,20230613
7315@1,1,1,1,1,1,0,0,20230313,20230613
A31@1,1,1,1,1,1,0,0,20230313,20230613
SD73@1,1,1,1,1,1,0,0,20230313,20230613
M21@1,1,1,1,1,1,0,0,20230313,20230613
M21@2,0,0,0,0,0,1,0,20230313,20230613
M21@3,0,0,0,0,0,0,1,20230313,20230613
M21@5,0,0,0,0,0,0,0,20230313,20230613
M31@1,1,1,1,1,1,0,0,20230313,20230613
M31@2,0,0,0,0,0,1,0,20230313,20230613
M31@3,0,0,0,0,0,0,1,20230313,20230613
M31@5,0,0,0,0,0,0,0,20230313,20230613
7312@3,0,0,0,0,0,0,1,20230313,20230613
7312@5,0,0,0,0,0,0,0,20230313,20230613
632@1,1,1,1,1,1,0,0,20230313,20230613
632@2,0,0,0,0,0,1,0,20230313,20230613
632@3,0,0,0,0,0,0,1,20230313,20230613
632@5,0,0,0,0,0,0,0,20230313,20230613
6321@1,1,1,1,1,1,0,0,20230313,20230613
633@1,1,1,1,1,1,0,0,20230313,20230613
6331@1,1,1,1,1,1,0,0,20230313,20230613
A33@1,1,1,1,1,1,0,0,20230313,20230613
6333@2,0,0,0,0,0,1,0,20230313,20230613
6333@3,0,0,0,0,0,0,1,20230313,20230613
6333@5,0,0,0,0,0,0,0,20230313,20230613
6612@1,1,1,1,1,1,0,0,20230313,20230613
6612@2,0,0,0,0,0,1,0,20230313,20230613
637@1,1,1,1,1,1,0,0,20230313,20230613
637@2,0,0,0,0,0,1,0,20230313,20230613
637@3,0,0,0,0,0,0,1,20230313,20230613
637@5,0,0,0,0,0,0,0,20230313,20230613
6371@1,1,1,1,1,1,0,0,20230313,20230613
6372@1,1,1,1,1,1,0,0,20230313,20230613
6372@2,0,0,0,0,0,1,0,20230313,20230613
6372@3,0,0,0,0,0,0,1,20230313,20230613
6372@5,0,0,0,0,0,0,0,20230313,20230613
650@1,1,1,1,1,1,0,0,20230313,20230613
650@2,0,0,0,0,0,1,0,20230313,20230613
650@3,0,0,0,0,0,0,1,20230313,20230613
650@5,0,0,0,0,0,0,0,20230313,20230613
652@1,1,1,1,1,1,0,0,20230313,20230613
652@2,0,0,0,0,0,1,0,20230313,20230613
652@3,0,0,0,0,0,0,1,20230313,20230613
652@5,0,0,0,0,0,0,0,20230313,20230613
617@1,1,1,1,1,1,0,0,20230313,20230613
617@2,0,0,0,0,0,1,0,20230313,20230613
M52@1,1,1,1,1,1,0,0,20230313,20230613
M52@2,0,0,0,0,0,1,0,20230313,20230613
M52@3,0,0,0,0,0,0,1,20230313,20230613
M52@5,0,0,0,0,0,0,0,20230313,20230613
653@1,1,1,1,1,1,0,0,20230313,20230613
653@2,0,0,0,0,0,1,0,20230313,20230613
A53@1,1,1,1,1,1,0,0,20230313,20230613
6531@1,1,1,1,1,1,0,0,20230313,20230613
6531@2,0,0,0,0,0,1,0,20230313,20230613
6531@3,0,0,0,0,0,0,1,20230313,20230613
6531@5,0,0,0,0,0,0,0,20230313,20230613
654@1,1,1,1,1,1,0,0,20230313,20230613
654@2,0,0,0,0,0,1,0,20230313,20230613
654@3,0,0,0,0,0,0,1,20230313,20230613
654@5,0,0,0,0,0,0,0,20230313,20230613
656@1,1,1,1,1,1,0,0,20230313,20230613
656@2,0,0,0,0,0,1,0,20230313,20230613
656@3,0,0,0,0,0,0,1,20230313,20230613
656@5,0,0,0,0,0,0,0,20230313,20230613
B51@1,1,1,1,1,1,0,0,20230313,20230613
B51@2,0,0,0,0,0,1,0,20230313,20230613
B51@3,0,0,0,0,0,0,1,20230313,20230613
B51@5,0,0,0,0,0,0,0,20230313,20230613
B511@1,1,1,1,1,1,0,0,20230313,20230613
6562@1,1,1,1,1,1,0,0,20230313,20230613
659@1,1,1,1,1,1,0,0,20230313,20230613
659@2,0,0,0,0,0,1,0,20230313,20230613
659@3,0,0,0,0,0,0,1,20230313,20230613
659@5,0,0,0,0,0,0,0,20230313,20230613
A62@1,1,1,1,1,1,0,0,20230313,20230613
A62@2,0,0,0,0,0,1,0,20230313,20230613
A62@3,0,0,0,0,0,0,1,20230313,20230613
A62@5,0,0,0,0,0,0,0,20230313,20230613
A621@1,1,1,1,1,1,0,0,20230313,20230613
A63@1,1,1,1,1,1,0,0,20230313,20230613
A631@1,1,1,1,1,1,0,0,20230313,20230613
A632@1,1,1,1,1,1,0,0,20230313,20230613
662@1,1,1,1,1,1,0,0,20230313,20230613
662@2,0,0,0,0,0,1,0,20230313,20230613
662@3,0,0,0,0,0,0,1,20230313,20230613
662@5,0,0,0,0,0,0,0,20230313,20230613
862@1,1,1,1,1,1,0,0,20230313,20230613
862@2,0,0,0,0,0,1,0,20230313,20230613
7621@1,1,1,1,1,1,0,0,20230313,20230613
6625@1,1,1,1,1,1,0,0,20230313,20230613
A60@1,1,1,1,1,1,0,0,20230313,20230613
R62@1,1,1,1,1,1,0,0,20230313,20230613
762@1,1,1,1,1,1,0,0,20230313,20230613
762@2,0,0,0,0,0,1,0,20230313,20230613
6613@2,0,0,0,0,0,1,0,20230313,20230613
6613@3,0,0,0,0,0,0,1,20230313,20230613
6613@5,0,0,0,0,0,0,0,20230313,20230613
O662@2,0,0,0,0,0,1,0,20230313,20230613
O662@3,0,0,0,0,0,0,1,20230313,20230613
O662@5,0,0,0,0,0,0,0,20230313,20230613
661@1,1,1,1,1,1,0,0,20230313,20230613
E30.2@1,1,1,1,1,1,0,0,20230313,20230613
661@2,0,0,0,0,0,1,0,20230313,20230613
E30.2@2,0,0,0,0,0,1,0,20230313,20230613
661@3,0,0,0,0,0,0,1,20230313,20230613
E30.2@3,0,0,0,0,0,0,1,20230313,20230613
661@5,0,0,0,0,0,0,0,20230313,20230613
E30.2@5,0,0,0,0,0,0,0,20230313,20230613
861@1,1,1,1,1,1,0,0,20230313,20230613
861@2,0,0,0,0,0,1,0,20230313,20230613
7612@1,1,1,1,1,1,0,0,20230313,20230613
7612@2,0,0,0,0,0,1,0,20230313,20230613
B02@1,1,1,1,1,1,0,0,20230313,20230613
B02@2,0,0,0,0,0,1,0,20230313,20230613
B02@3,0,0,0,0,0,0,1,20230313,20230613
B02@5,0,0,0,0,0,0,0,20230313,20230613
B022@1,1,1,1,1,1,0,0,20230313,20230613
B024@1,1,1,1,1,1,0,0,20230313,20230613
B024@2,0,0,0,0,0,1,0,20230313,20230613
B024@3,0,0,0,0,0,0,1,20230313,20230613
B024@5,0,0,0,0,0,0,0,20230313,20230613
6611@1,1,1,1,1,1,0,0,20230313,20230613
8612@1,1,1,1,1,1,0,0,20230313,20230613
8612@2,0,0,0,0,0,1,0,20230313,20230613
6614@2,0,0,0,0,0,1,0,20230313,20230613
6614@3,0,0,0,0,0,0,1,20230313,20230613
6614@5,0,0,0,0,0,0,0,20230313,20230613
B021@1,1,1,1,1,1,0,0,20230313,20230613
761@1,1,1,1,1,1,0,0,20230313,20230613
761@2,0,0,0,0,0,1,0,20230313,20230613
7611@1,1,1,1,1,1,0,0,20230313,20230613
665@1,1,1,1,1,1,0,0,20230313,20230613
665@2,0,0,0,0,0,1,0,20230313,20230613
665@3,0,0,0,0,0,0,1,20230313,20230613
665@5,0,0,0,0,0,0,0,20230313,20230613
6651@1,1,1,1,1,1,0,0,20230313,20230613
6712@3,0,0,0,0,0,0,1,20230313,20230613
6712@5,0,0,0,0,0,0,0,20230313,20230613
B55@1,1,1,1,1,1,0,0,20230313,20230613
B55@2,0,0,0,0,0,1,0,20230313,20230613
B55@3,0,0,0,0,0,0,1,20230313,20230613
B55@5,0,0,0,0,0,0,0,20230313,20230613
855@1,1,1,1,1,1,0,0,20230313,20230613
702@1,1,1,1,1,1,0,0,20230313,20230613
703@1,1,1,1,1,1,0,0,20230313,20230613
703@2,0,0,0,0,0,1,0,20230313,20230613
703@3,0,0,0,0,0,0,1,20230313,20230613
703@5,0,0,0,0,0,0,0,20230313,20230613
7032@1,1,1,1,1,1,0,0,20230313,20230613
701@1,1,1,1,1,1,0,0,20230313,20230613
701@2,0,0,0,0,0,1,0,20230313,20230613
704@1,1,1,1,1,1,0,0,20230313,20230613
704@2,0,0,0,0,0,1,0,20230313,20230613
704@3,0,0,0,0,0,0,1,20230313,20230613
704@5,0,0,0,0,0,0,0,20230313,20230613
7041@1,1,1,1,1,1,0,0,20230313,20230613
7041@2,0,0,0,0,0,1,0,20230313,20230613
7041@3,0,0,0,0,0,0,1,20230313,20230613
7041@5,0,0,0,0,0,0,0,20230313,20230613
705@1,1,1,1,1,1,0,0,20230313,20230613
7052@1,1,1,1,1,1,0,0,20230313,20230613
7052@2,0,0,0,0,0,1,0,20230313,20230613
7052@3,0,0,0,0,0,0,1,20230313,20230613
7052@5,0,0,0,0,0,0,0,20230313,20230613
7053@1,1,1,1,1,1,0,0,20230313,20230613
A05@1,1,1,1,1,1,0,0,20230313,20230613
715@1,1,1,1,1,1,0,0,20230313,20230613
715@2,0,0,0,0,0,1,0,20230313,20230613
7151@1,1,1,1,1,1,0,0,20230313,20230613
7151@2,0,0,0,0,0,1,0,20230313,20230613
7151@3,0,0,0,0,0,0,1,20230313,20230613
7151@5,0,0,0,0,0,0,0,20230313,20230613
718@1,1,1,1,1,1,0,0,20230313,20230613
718@2,0,0,0,0,0,1,0,20230313,20230613
718@3,0,0,0,0,0,0,1,20230313,20230613
718@5,0,0,0,0,0,0,0,20230313,20230613
D18@1,1,1,1,1,1,0,0,20230313,20230613
756@1,1,1,1,1,1,0,0,20230313,20230613
756@2,0,0,0,0,0,1,0,20230313,20230613
7561@1,1,1,1,1,1,0,0,20230313,20230613
815@1,1,1,1,1,1,0,0,20230313,20230613
B56@1,1,1,1,1,1,0,0,20230313,20230613
B56@2,0,0,0,0,0,1,0,20230313,20230613
856@1,1,1,1,1,1,0,0,20230313,20230613
C2@1,1,1,1,1,1,0,0,20230313,20230613
C2@2,0,0,0,0,0,1,0,20230313,20230613
C2@3,0,0,0,0,0,0,1,20230313,20230613
C2@5,0,0,0,0,0,0,0,20230313,20230613
C22@2,0,0,0,0,0,1,0,20230313,20230613
C22@3,0,0,0,0,0,0,1,20230313,20230613
C22@5,0,0,0,0,0,0,0,20230313,20230613
C3@1,1,1,1,1,1,0,0,20230313,20230613
C5@1,1,1,1,1,1,0,0,20230313,20230613
C5@2,0,0,0,0,0,1,0,20230313,20230613
C5@3,0,0,0,0,0,0,1,20230313,20230613
C5@5,0,0,0,0,0,0,0,20230313,20230613
C398@2,0,0,0,0,0,1,0,20230313,20230613
C398@3,0,0,0,0,0,0,1,20230313,20230613
C398@5,0,0,0,0,0,0,0,20230313,20230613
C1@1,1,1,1,1,1,0,0,20230313,20230613
C11@2,0,0,0,0,0,1,0,20230313,20230613
C210@2,0,0,0,0,0,1,0,20230313,20230613
C210@3,0,0,0,0,0,0,1,20230313,20230613
C210@5,0,0,0,0,0,0,0,20230313,20230613
C31@2,0,0,0,0,0,1,0,20230313,20230613
C31@3,0,0,0,0,0,0,1,20230313,20230613
C31@5,0,0,0,0,0,0,0,20230313,20230613
B01@1,1,1,1,1,1,0,0,20230313,20230613
B011@1,1,1,1,1,1,0,0,20230313,20230613
B05@1,1,1,1,1,1,0,0,20230313,20230613
B09@1,1,1,1,1,1,0,0,20230313,20230613
B09@2,0,0,0,0,0,1,0,20230313,20230613
B09@3,0,0,0,0,0,0,1,20230313,20230613
B09@5,0,0,0,0,0,0,0,20230313,20230613
B091@1,1,1,1,1,1,0,0,20230313,20230613
B092@1,1,1,1,1,1,0,0,20230313,20230613
B093@1,1,1,1,1,1,0,0,20230313,20230613
B094@1,1,1,1,1,1,0,0,20230313,20230613
B094@2,0,0,0,0,0,1,0,20230313,20230613
B094@3,0,0,0,0,0,0,1,20230313,20230613
B094@5,0,0,0,0,0,0,0,20230313,20230613
A93@1,1,1,1,1,1,0,0,20230313,20230613
A952@1,1,1,1,1,1,0,0,20230313,20230613
A952@2,0,0,0,0,0,1,0,20230313,20230613
A952@3,0,0,0,0,0,0,1,20230313,20230613
A952@5,0,0,0,0,0,0,0,20230313,20230613
A953@1,1,1,1,1,1,0,0,20230313,20230613
A953@2,0,0,0,0,0,1,0,20230313,20230613
A953@3,0,0,0,0,0,0,1,20230313,20230613
A953@5,0,0,0,0,0,0,0,20230313,20230613
A954@1,1,1,1,1,1,0,0,20230313,20230613
A954@2,0,0,0,0,0,1,0,20230313,20230613
A954@3,0,0,0,0,0,0,1,20230313,20230613
A954@5,0,0,0,0,0,0,0,20230313,20230613
A955@1,1,1,1,1,1,0,0,20230313,20230613
LI.1@1,1,1,1,1,1,0,0,20230313,20230613
LI.2@1,1,1,1,1,1,0,0,20230313,20230613
